+-------+--------+------------+------------------+
| Epoch | Inputs | Prediction |     Weights      |
+-------+--------+------------+------------------+
|   1   | [0 0]  |     1      | [-0.5  0.   0. ] |
|   1   | [0 1]  |     0      |  [0.  0.  0.5]   |
|   1   | [1 0]  |     1      |  [0.  0.  0.5]   |
|   1   | [1 1]  |     1      |  [0.  0.  0.5]   |
|   2   | [0 0]  |     1      | [-0.5  0.   0.5] |
|   2   | [0 1]  |     1      | [-0.5  0.   0.5] |
|   2   | [1 0]  |     0      |  [0.  0.5 0.5]   |
|   2   | [1 1]  |     1      |  [0.  0.5 0.5]   |
|   3   | [0 0]  |     1      | [-0.5  0.5  0.5] |
|   3   | [0 1]  |     1      | [-0.5  0.5  0.5] |
|   3   | [1 0]  |     1      | [-0.5  0.5  0.5] |
|   3   | [1 1]  |     1      | [-0.5  0.5  0.5] |
|   4   | [0 0]  |     0      | [-0.5  0.5  0.5] |
|   4   | [0 1]  |     1      | [-0.5  0.5  0.5] |
|   4   | [1 0]  |     1      | [-0.5  0.5  0.5] |
|   4   | [1 1]  |     1      | [-0.5  0.5  0.5] |
|   5   | [0 0]  |     0      | [-0.5  0.5  0.5] |
|   5   | [0 1]  |     1      | [-0.5  0.5  0.5] |
|   5   | [1 0]  |     1      | [-0.5  0.5  0.5] |
|   5   | [1 1]  |     1      | [-0.5  0.5  0.5] |
|   6   | [0 0]  |     0      | [-0.5  0.5  0.5] |
|   6   | [0 1]  |     1      | [-0.5  0.5  0.5] |
|   6   | [1 0]  |     1      | [-0.5  0.5  0.5] |
|   6   | [1 1]  |     1      | [-0.5  0.5  0.5] |
|   7   | [0 0]  |     0      | [-0.5  0.5  0.5] |
|   7   | [0 1]  |     1      | [-0.5  0.5  0.5] |
|   7   | [1 0]  |     1      | [-0.5  0.5  0.5] |
|   7   | [1 1]  |     1      | [-0.5  0.5  0.5] |
|   8   | [0 0]  |     0      | [-0.5  0.5  0.5] |
|   8   | [0 1]  |     1      | [-0.5  0.5  0.5] |
|   8   | [1 0]  |     1      | [-0.5  0.5  0.5] |
|   8   | [1 1]  |     1      | [-0.5  0.5  0.5] |
|   9   | [0 0]  |     0      | [-0.5  0.5  0.5] |
|   9   | [0 1]  |     1      | [-0.5  0.5  0.5] |
|   9   | [1 0]  |     1      | [-0.5  0.5  0.5] |
|   9   | [1 1]  |     1      | [-0.5  0.5  0.5] |
|   10  | [0 0]  |     0      | [-0.5  0.5  0.5] |
|   10  | [0 1]  |     1      | [-0.5  0.5  0.5] |
|   10  | [1 0]  |     1      | [-0.5  0.5  0.5] |
|   10  | [1 1]  |     1      | [-0.5  0.5  0.5] |
+-------+--------+------------+------------------+
\begin{tabular}{cccc}
Epoch & Inputs & Prediction & Weights \\
1 & [0 0] & 1 & [-0.5  0.   0. ] \\
1 & [0 1] & 0 & [0.  0.  0.5] \\
1 & [1 0] & 1 & [0.  0.  0.5] \\
1 & [1 1] & 1 & [0.  0.  0.5] \\
2 & [0 0] & 1 & [-0.5  0.   0.5] \\
2 & [0 1] & 1 & [-0.5  0.   0.5] \\
2 & [1 0] & 0 & [0.  0.5 0.5] \\
2 & [1 1] & 1 & [0.  0.5 0.5] \\
3 & [0 0] & 1 & [-0.5  0.5  0.5] \\
3 & [0 1] & 1 & [-0.5  0.5  0.5] \\
3 & [1 0] & 1 & [-0.5  0.5  0.5] \\
3 & [1 1] & 1 & [-0.5  0.5  0.5] \\
4 & [0 0] & 0 & [-0.5  0.5  0.5] \\
4 & [0 1] & 1 & [-0.5  0.5  0.5] \\
4 & [1 0] & 1 & [-0.5  0.5  0.5] \\
4 & [1 1] & 1 & [-0.5  0.5  0.5] \\
5 & [0 0] & 0 & [-0.5  0.5  0.5] \\
5 & [0 1] & 1 & [-0.5  0.5  0.5] \\
5 & [1 0] & 1 & [-0.5  0.5  0.5] \\
5 & [1 1] & 1 & [-0.5  0.5  0.5] \\
6 & [0 0] & 0 & [-0.5  0.5  0.5] \\
6 & [0 1] & 1 & [-0.5  0.5  0.5] \\
6 & [1 0] & 1 & [-0.5  0.5  0.5] \\
6 & [1 1] & 1 & [-0.5  0.5  0.5] \\
7 & [0 0] & 0 & [-0.5  0.5  0.5] \\
7 & [0 1] & 1 & [-0.5  0.5  0.5] \\
7 & [1 0] & 1 & [-0.5  0.5  0.5] \\
7 & [1 1] & 1 & [-0.5  0.5  0.5] \\
8 & [0 0] & 0 & [-0.5  0.5  0.5] \\
8 & [0 1] & 1 & [-0.5  0.5  0.5] \\
8 & [1 0] & 1 & [-0.5  0.5  0.5] \\
8 & [1 1] & 1 & [-0.5  0.5  0.5] \\
9 & [0 0] & 0 & [-0.5  0.5  0.5] \\
9 & [0 1] & 1 & [-0.5  0.5  0.5] \\
9 & [1 0] & 1 & [-0.5  0.5  0.5] \\
9 & [1 1] & 1 & [-0.5  0.5  0.5] \\
10 & [0 0] & 0 & [-0.5  0.5  0.5] \\
10 & [0 1] & 1 & [-0.5  0.5  0.5] \\
10 & [1 0] & 1 & [-0.5  0.5  0.5] \\
10 & [1 1] & 1 & [-0.5  0.5  0.5] \\
\end{tabular}